 0001 Dairy-FR   0.007   0.005   0.000   0.031   0.003   0.990   0.000   0.300   0.000   0.258
 0002 Beef-FR    0.010   0.004   0.000   0.030   0.007   0.990   0.000   0.300   0.000   0.258
 0003 Veal-FR    0.023   0.006   0.000   0.029   0.007   0.990   0.000   0.300   0.000   0.258
 0004 Swine-FR   0.026   0.011   0.000   0.021   0.005   0.990   0.000   0.300   0.000   0.258
 0005 Sheep-FR   0.014   0.003   0.000   0.024   0.005   0.990   0.000   0.300   0.000   0.258
 0006 Goat-FR    0.013   0.003   0.000   0.022   0.005   0.990   0.000   0.300   0.000   0.258
 0007 Horse-FR   0.006   0.001   0.000   0.014   0.003   0.990   0.000   0.300   0.000   0.258
 0008 Layer-FR   0.013   0.006   0.000   0.040   0.013   0.990   0.000   0.300   0.000   0.258
 0009 Broil-FR   0.010   0.004   0.000   0.040   0.010   0.990   0.000   0.300   0.000   0.258
 0010 Turk-FR    0.007   0.003   0.000   0.045   0.016   0.990   0.000   0.300   0.000   0.258
 0011 Duck-FR    0.023   0.008   0.000   0.025   0.009   0.990   0.000   0.300   0.000   0.258
 0027 46-00-00   0.460   0.000   0.000   0.000   0.000   0.000   0.999   0.000   0.000   0.369
 0030 82-00-00   0.820   0.000   0.000   0.000   0.000   0.999   0.000   0.000   0.000   0.369
 0052 Elem-N     1.000   0.000   0.000   0.000   0.000   0.000   0.000   0.000   0.000   0.258 0.85754
 1152 Elem-N     1.000   0.000   0.000   0.000   0.000   0.999   0.000   0.000   0.258 0.85754
 0053 Elem-P     0.000   1.000   0.000   0.000   0.000   0.000   0.000   0.000   0.000   0.254 0.16509
 0054 Elem-K     0.000   0.000   1.000   0.000   0.000   0.000   0.000   0.000   0.000   0.254
 0055 P2O5       0.000   0.436   0.000   0.000   0.000   0.000   0.000   0.000   0.000   0.254
 0466 11-52-00   0.110   0.229   0.000   0.000   0.000   0.000   0.999   0.000   0.000   0.270
 0467 18-46-00   0.180   0.200   0.000   0.000   0.000   0.999   0.000   0.000   0.000   0.125
 0468 05-14-42   0.050   0.061   0.349   0.000   0.000   0.999   0.000   0.000   0.000   0.125
 0469 10-34-00   0.100   0.148   0.000   0.000   0.000   0.999   0.000   0.000   0.000   0.125
 0470 19-9.5-0   0.190   0.041   0.000   0.000   0.000   0.500   0.000   0.000   0.000   0.125
 0471 11-37-00   0.110   0.161   0.000   0.000   0.000   0.999   0.000   0.000   0.000   0.125
 0472 32-23-00   0.320   0.100   0.000   0.000   0.000   0.280   0.440   0.000   0.000   0.181
 1000 Anhydr     0.820   0.000   0.000   0.000   0.000   0.999   0.000   0.000   0.000   0.258
 3126 19-17-00   0.190   0.074   0.000   0.000   0.000   0.447   0.368   0.000   0.000   0.214
 3142 19-19-19   0.190   0.083   0.158   0.000   0.000   0.212   0.788   0.000   0.000   0.277
 3143 09-18-09   0.090   0.079   0.075   0.000   0.000   0.333   0.666   0.000   0.000   0.277
 3144 07-20-20   0.070   0.087   0.166   0.000   0.000   0.095   0.000   0.000   0.000   0.277
 3145 02-11-48   0.020   0.048   0.398   0.000   0.000   0.500   0.000   0.000   0.000   0.277
 3146 03-18-18   0.030   0.079   0.149   0.000   0.000   0.500   0.000   0.000   0.000   0.277
 3147 28-12-12   0.280   0.052   0.100   0.000   0.000   0.000   0.999   0.000   0.000   0.277
 3148 08-30-30   0.080   0.131   0.249   0.000   0.000   0.500   0.000   0.000   0.000   0.277
 3149 20-06-06   0.200   0.026   0.050   0.000   0.000   0.285   0.430   0.000   0.000   0.181
 3150 19-08-08   0.190   0.035   0.066   0.000   0.000   0.280   0.440   0.000   0.000   0.181
 3151 28-08-08   0.280   0.035   0.066   0.000   0.000   0.000   0.999   0.000   0.369   0.000
 3200 30-00-20   0.300   0.000   0.166   0.000   0.000   0.285   0.430   0.000   0.000   0.181
 5240 20-00-00   0.200   0.000   0.000   0.000   0.000   0.999   0.000   0.000   0.000   0.270
 5245 21-00-00   0.210   0.000   0.000   0.000   0.000   0.999   0.000   0.000   0.000   0.270
 5272 32-00-00   0.320   0.000   0.000   0.000   0.000   0.280   0.440   0.000   0.000   0.181
 5273 34-00-00   0.340   0.000   0.000   0.000   0.000   0.500   0.000   0.000   0.000   0.298
 5275 44-00-00   0.440   0.000   0.000   0.000   0.000   0.500   0.000   0.000   0.000   0.298
 5280 46-00-00   0.460   0.000   0.000   0.000   0.000   0.000   0.999   0.000   0.000   0.369
 5312 22-00-00   0.220   0.000   0.000   0.000   0.000   0.250   0.500   0.000   0.000   0.181
 5313 28-00-00   0.280   0.000   0.000   0.000   0.000   0.285   0.430   0.000   0.000   0.181
 5314 30-00-00   0.300   0.000   0.000   0.000   0.000   0.280   0.440   0.000   0.000   0.181
 5315 32-00-00   0.320   0.000   0.000   0.000   0.000   0.280   0.440   0.000   0.000   0.181
 5316 34-00-00   0.340   0.000   0.000   0.000   0.000   0.500   0.000   0.000   0.000   0.298
 6616 00-46-00   0.000   0.201   0.000   0.000   0.000   0.000   0.000   0.000   0.365   0.000
 6620 00-44-00   0.000   0.192   0.000   0.000   0.000   0.000   0.000   0.000   0.000   0.365
 6953 00-00-62   0.000   0.000   0.515   0.000   0.000   0.000   0.000   0.000   0.000   0.175
 6958 00-00-60   0.000   0.000   0.498   0.000   0.000   0.000   0.000   0.000   0.000   0.125
 6959 K2SO4      0.000   0.000   0.415   0.000   0.000   0.000   0.000   0.000   0.000   0.125
 6980 00-20-20   0.000   0.087   0.166   0.000   0.000   0.000   0.000   0.000   0.000   0.125
 6981 00-10-20   0.000   0.044   0.166   0.000   0.000   0.000   0.000   0.000   0.000   0.125
 7000 KNO3       0.130   0.000   0.365   0.000   0.000   0.000   0.000   0.000   0.000   0.125
 8001 B-FRESH   0.0140  0.0080  0.0000  0.0260  0.0040  0.9900   0.000  0.3000  0.0013  0.0122
 8002 B-FDLT-S  0.0010  0.0030  0.0000  0.0090  0.0020  0.5000   0.000  0.3000  0.0094  0.0122
 8003 B-FDLT-P  0.0300  0.0040  0.0000  0.0200  0.0020  0.9900   0.000  0.3000  0.0013  0.0085
 8004 B-FDLT-C  0.0020  0.0040  0.0000  0.0130  0.0020  0.9900   0.000  0.3000  0.0013  0.0122
 8005 D-FRESH   0.0120  0.0040  0.0000  0.0210  0.0020  0.9900   0.000  0.3000  0.0013  0.0122
 8006 D-1-LAGH  0.6800  0.1700  0.0000  0.0700  0.0800  0.9000   0.000  0.3000  0.0013  0.0122
 8007 D-1-LAGE  0.7000  0.1500  0.0000  0.0800  0.0700  0.9000   0.000  0.3000  0.0013  0.0122
 8008 D-SO-LGN  0.0490  0.0818  0.0000  0.6480  0.2210  0.9720   0.000  0.3000  0.0013  0.0122
 8009 D-LQ-LGN  0.5660  0.0896  0.0000  0.1020  0.2420  0.9870   0.000  0.3000  0.0000  0.0122
 8010 goat-fsh  0.0190  0.0100  0.0000  0.0380  0.0050  0.9900   0.000  0.3000  0.0000  0.0122
 8011 hog-frsh  0.0210  0.0160  0.0000  0.0400  0.0070  0.9900   0.000  0.3000  0.0000  0.0122
 8012 horse-fs  0.0130  0.0060  0.0000  0.0230  0.0030  0.9900   0.000  0.3000  0.0000  0.0122
 8013 P-DPIT-B  0.0100  0.0100  0.0000  0.0100  0.0070  0.9900   0.000  0.3000  0.0000  0.0000
 8014 P-DPIT-L  0.0100  0.0100  0.0000  0.0100  0.0070  0.9900   0.000  0.3000  0.0000  0.0122
 8015 P-FRSH-B  0.0060  0.0100  0.0000  0.0540  0.0070  0.9900   0.000  0.3000  0.0000  0.0122
 8016 P-FRSH-D  0.0030  0.0050  0.0000  0.0270  0.0020  0.9900   0.000  0.3000  0.0000  0.0122
 8017 P-FRSH-G  0.0030  0.0100  0.0000  0.0270  0.0060  0.9900   0.000  0.3000  0.0000  0.0122
 8018 P-FRSH-L  0.0050  0.0100  0.0000  0.0450  0.0070  0.9900   0.000  0.3000  0.0000  0.0122
 8019 P-FRSH-P  0.0030  0.0100  0.0000  0.0270  0.0050  0.9900   0.000  0.3000  0.0000  0.0122
 8020 P-FRSH-T  0.0060  0.0100  0.0000  0.0540  0.0070  0.9900   0.000  0.3000  0.0000  0.0122
 8021 P-LIQ-B   0.0040  0.0100  0.0000  0.0400  0.0070  0.9900   0.000  0.3000  0.0000  0.0122
 8022 P-LIQ-L   0.0040  0.0100  0.0000  0.0400  0.0070  0.9900   0.000  0.3000  0.0000  0.0122
 8023 P-MPIT-B  0.0200  0.0100  0.0000  0.0200  0.0070  0.9900   0.000  0.3000  0.0000  0.0122
 8024 P-MPIT-L  0.0200  0.0100  0.0000  0.0200  0.0070  0.9900   0.000  0.3000  0.0000  0.0122
 8025 sheep-fs  0.0180  0.0070  0.0000  0.0350  0.0030  0.9900   0.000  0.3000  0.0000  0.0122
 8026 veal-fsh  0.0140  0.0080  0.0000  0.0260  0.0040  0.9900   0.000  0.3000  0.0013  0.0122
 8027 D-SO-MNU  0.0017  0.0066  0.0000  0.0218  0.0038  0.9716   0.000  0.3500  0.0000  0.0122
 8028 D-LIQ     0.0017  0.0066  0.0000  0.0218  0.0038  0.9716   0.000  0.3500  0.0000  0.0122
# NUM NAME       FN      FP      FK      FNO     FPO     FNH3    FUREA   FOC     FSLT    FCST  FCST
 