  |-----TILL------|     1       2       3       4       5       6       7       8       9      10      11      12      13      14      15      16      17      18      19      20      21      22      23      24      25      26      27      28
   #  NAME     PCD    PRIC    PLST    HRY     HRL     PWR     WDT     SPD     RC1     RC2     XLB     FCM     VR1     VR2     EFM     RTI     EMX     RR      TLD     RHT     RIN     DKH     DKI     IHC     HE      ORHI    FRCP    FPOP    CFEM    EQP
    1 LISTRPLT ERR        0       0      0.      0.      0.   0.000   0.000   0.000   0.000   0.000   0.000   0.000   0.000   0.000   0.085   0.150  10.000  40.000  75.000   1.000   0.000   0.000   5.000   0.000   0.000   0.300   0.000   0.000 
    2 ROW PLT  ERR        0       0      0.      0.      0.   0.000   0.000   0.000   0.000   0.000   0.000   0.000   0.000   0.000   0.085   0.050   5.000  60.000  10.000   0.860   0.000   0.000   5.000   0.000   0.000   0.250   0.000   6.790 PLANTER REGULAR 
    3 PLANT DR ERR        0       0      0.      0.      0.   0.000   0.000   0.000   0.000   0.000   0.000   0.000   0.000   0.000   0.085   0.250  10.000  40.000   0.000   0.760   0.000   0.000   6.000   0.000   0.000   0.200   0.000   6.790 DRILL,PLAIN,DISCGRAIN
    4 TRSPLANT ERR        0       0      0.      0.      0.   0.000   0.000   0.000   0.000   0.000   0.000   0.000   0.000   0.000   0.085   0.150  10.000 500.000  75.000   1.000   0.000   0.000   5.000   0.000   0.000   0.500   0.000   0.000 
    5 Op5      ERR        0       0      0.      0.      0.   0.000   0.000   0.000   0.000   0.000   0.000   0.000   0.000   0.000   0.085   0.000   0.000   0.000   0.000   0.000   0.000   0.000   0.000   0.000   0.000   0.000   0.000   0.000 
    6 Op6      ERR        0       0      0.      0.      0.   0.000   0.000   0.000   0.000   0.000   0.000   0.000   0.000   0.000   0.085   0.000   0.000   0.000   0.000   0.000   0.000   0.000   0.000   0.000   0.000   0.000   0.000   0.000 
    7 Op7      ERR        0       0      0.      0.      0.   0.000   0.000   0.000   0.000   0.000   0.000   0.000   0.000   0.000   0.085   0.000   0.000   0.000   0.000   0.000   0.000   0.000   0.000   0.000   0.000   0.000   0.000   0.000 
    8 Op8      ERR        0       0      0.      0.      0.   0.000   0.000   0.000   0.000   0.000   0.000   0.000   0.000   0.000   0.085   0.000   0.000   0.000   0.000   0.000   0.000   0.000   0.000   0.000   0.000   0.000   0.000   0.000 
    9 IRSTRSCH ERR        0       0      0.      0.      0.   0.000   0.000   0.000   0.000   0.000   0.000   0.000   0.000   0.000   0.085   0.000   0.000   0.000   0.000   0.000   0.000   0.000   0.000   0.000   0.000   0.000   0.000   0.000 
   10 SPREADER ERR        0       0      0.      0.      0.   0.000   0.000   0.000   0.000   0.000   0.000   0.000   0.000   0.000   0.085   0.000   0.000   0.000   0.000   0.000   0.000   0.000   9.000   0.000   0.000   0.050   0.000   5.000 MANURE SPREADER 
   11 SPRAYER  ERR        0       0      0.      0.      0.   0.000   0.000   0.000   0.000   0.000   0.000   0.000   0.000   0.000   0.085   0.000   0.000   0.000   0.000   0.000   0.000   0.000   7.000   0.950   0.000   0.050   0.000   2.540 CHEM APPL
   12 ANHYD AP ERR        0       0      0.      0.      0.   0.000   0.000   0.000   0.000   0.000   0.000   0.000   0.000   0.000   0.085   0.150  13.000  75.000  25.000   0.300   0.000   0.000   9.000   0.000   0.000   0.200   0.000   0.000 
   13 -------- ERR        0       0      0.      0.      0.   0.000   0.000   0.000   0.000   0.000   0.000   0.000   0.000   0.000   0.085   0.000   0.000   0.000   0.000   0.000   0.000   0.000   0.000   0.000   0.000   0.000   0.000   0.000 
   14 -------- ERR        0       0      0.      0.      0.   0.000   0.000   0.000   0.000   0.000   0.000   0.000   0.000   0.000   0.085   0.000   0.000   0.000   0.000   0.000   0.000   0.000   0.000   0.000   0.000   0.000   0.000   0.000 
   15 LISTER   ERR        0       0      0.      0.      0.   0.000   0.000   0.000   0.000   0.000   0.000   0.000   0.000   0.000   0.085   0.800  25.000 100.000 150.000   1.000   0.000   0.000   0.000   0.000   0.000   0.300   0.000   0.000 
   16 DISK BED ERR        0       0      0.      0.      0.   0.000   0.000   0.000   0.000   0.000   0.000   0.000   0.000   0.000   0.085   0.700   0.000 100.000  75.000   1.000   0.000   0.000   0.000   0.000   0.000   0.400   0.000   0.000 
   17 ROWBUILD ERR        0       0      0.      0.      0.   0.000   0.000   0.000   0.000   0.000   0.000   0.000   0.000   0.000   0.085   0.500  15.000 350.000 300.000   1.780   0.000   0.000   0.000   0.000   0.000   0.300   0.000   0.000 
   18 CULTPACK ERR        0       0      0.      0.      0.   0.000   0.000   0.000   0.000   0.000   0.000   0.000   0.000   0.000   0.085   0.100   5.000  40.000  25.000   1.780   0.000   0.000   0.000   0.000   0.000   0.100   0.000   0.000 
   19 ROW CULT ERR        0       0      0.      0.      0.   0.000   0.000   0.000   0.000   0.000   0.000   0.000   0.000   0.000   0.085   0.300  15.000  25.000 100.000   1.000   0.000   0.000   0.000   0.000   0.000   0.250   0.000   0.000 
   20 FLD CULT ERR        0       0      0.      0.      0.  11.000   8.050   0.270   1.400   0.100   0.000   0.600   0.885   0.750   0.085   0.300  20.000 100.000  25.000   0.250   0.000   0.000   0.000   0.000   0.000   0.100   0.000   9.728 FIELD CULTIVATOR
   21 ROT HOE  ERR        0       0      0.      0.      0.   0.000   0.000   0.000   0.000   0.000   0.000   0.000   0.000   0.000   0.085   0.100  13.000   5.000   0.000   0.000   0.000   0.000   0.000   0.000   0.000   0.100   0.000   0.000 
   22 ROD WEED ERR        0       0      0.      0.      0.   0.000   0.000   0.000   0.000   0.000   0.000   0.000   0.000   0.000   0.085   0.050  10.000  25.000   0.000   0.000   0.000   0.000   0.000   0.000   0.000   0.100   0.000   0.000 
   23 SWEEP    ERR        0       0      0.      0.      0.   0.000   0.000   0.000   0.000   0.000   0.000   0.000   0.000   0.000   0.085   0.300  15.000  75.000   0.000   0.000   0.000   0.000   0.000   0.000   0.000   0.300   0.000   0.000 
   24 NOBLE PL ERR        0       0      0.      0.      0.   0.000   0.000   0.000   0.000   0.000   0.000   0.000   0.000   0.000   0.085   0.100  15.000 100.000   0.000   0.000   0.000   0.000   0.000   0.000   0.000   0.150   0.000   0.000 
   25 SPIK HAR ERR        0       0      0.      0.      0.   0.000   0.000   0.000   0.000   0.000   0.000   0.000   0.000   0.000   0.085   0.200  13.000  25.000   0.000   0.000   0.000   0.000   0.000   0.000   0.000   0.100   0.000   6.688 SPIKE TOOTH HARROW
   26 SAND F   ERR        0       0      0.      0.      0.   0.000   0.000   0.000   0.000   0.000   0.000   0.000   0.000   0.000   0.085   0.100  20.000  15.000   0.000   0.000   0.000   0.000   0.000   0.000   0.000   0.050   0.000   0.000 
   27 Op27     ERR        0       0      0.      0.      0.   0.000   0.000   0.000   0.000   0.000   0.000   0.000   0.000   0.000   0.085   0.000   0.000   0.000   0.000   0.000   0.000   0.000   0.000   0.000   0.000   0.000   0.000   0.000 
   28 MB PLOW  ERR        0       0      0.      0.      0.   0.000   0.000   0.000   0.000   0.000   0.000   0.000   0.000   0.000   0.085   0.950  30.000 200.000   0.000   0.000   0.000   0.000   0.000   0.000   0.000   0.500   0.000   0.000 
   29 TAN DISK ERR        0       0      0.      0.      0.   0.000   0.000   0.000   0.000   0.000   0.000   0.000   0.000   0.000   0.085   0.500  18.000 150.000   0.000   0.000   0.000   0.000   0.000   0.000   0.000   0.250   0.000   0.000 
   30 PT-CHS   ERR        0       0      0.      0.      0.   0.000   0.000   0.000   0.000   0.000   0.000   0.000   0.000   0.000   0.085   0.600  20.000 150.000  50.000   0.300   0.000   0.000   0.000   0.000   0.000   0.500   0.000  18.240 CHISEL PLOW
   31 TWPT-CHS ERR        0       0      0.      0.      0.   0.000   0.000   0.000   0.000   0.000   0.000   0.000   0.000   0.000   0.085   0.420  25.000 150.000  75.000   0.300   0.000   0.000   0.000   0.000   0.000   0.500   0.000  18.240  
   32 SWP-CHS  ERR        0       0      0.      0.      0.   0.000   0.000   0.000   0.000   0.000   0.000   0.000   0.000   0.000   0.085   0.330  20.000 100.000  25.000   0.300   0.000   0.000   0.000   0.000   0.000   0.400   0.000   0.000 
   33 OFFSET-D ERR        0       0      0.      0.      0.   0.000   0.000   0.000   0.000   0.000   0.000   0.000   0.000   0.000   0.085   0.750  50.000 100.000   0.000   0.000   0.000   0.000   0.000   0.000   0.000   0.500   0.000  19.456 OFFSET DISK 
   34 SUBSOIL  ERR        0       0      0.      0.      0.   0.000   0.000   0.000   0.000   0.000   0.000   0.000   0.000   0.000   0.085   0.200  15.000 350.000   0.000   0.000   0.000   0.000   0.000   0.000   0.000   0.750   0.000   0.000 
   35 Op35     ERR        0       0      0.      0.      0.   0.000   0.000   0.000   0.000   0.000   0.000   0.000   0.000   0.000   0.085   0.000   0.000   0.000   0.000   0.000   0.000   0.000   0.000   0.000   0.000   0.000   0.000   0.000 
   36 Op36     ERR        0       0      0.      0.      0.   0.000   0.000   0.000   0.000   0.000   0.000   0.000   0.000   0.000   0.085   0.000   0.000   0.000   0.000   0.000   0.000   0.000   0.000   0.000   0.000   0.000   0.000   0.000 
   37 Op37     ERR        0       0      0.      0.      0.   0.000   0.000   0.000   0.000   0.000   0.000   0.000   0.000   0.000   0.085   0.000   0.000   0.000   0.000   0.000   0.000   0.000   0.000   0.000   0.000   0.000   0.000   0.000 
   38 Op38     ERR        0       0      0.      0.      0.   0.000   0.000   0.000   0.000   0.000   0.000   0.000   0.000   0.000   0.085   0.000   0.000   0.000   0.000   0.000   0.000   0.000   0.000   0.000   0.000   0.000   0.000   0.000 
   39 Op39     ERR        0       0      0.      0.      0.   0.000   0.000   0.000   0.000   0.000   0.000   0.000   0.000   0.000   0.085   0.000   0.000   0.000   0.000   0.000   0.000   0.000   0.000   0.000   0.000   0.000   0.000   0.000 
   40 Op40     ERR        0       0      0.      0.      0.   0.000   0.000   0.000   0.000   0.000   0.000   0.000   0.000   0.000   0.085   0.000   0.000   0.000   0.000   0.000   0.000   0.000   0.000   0.000   0.000   0.000   0.000   0.000 
   41 KILL     ERR        0       0      0.      0.      0.   0.000   0.000   0.000   0.000   0.000   0.000   0.000   0.000   0.000   0.085   0.000   0.000 150.000   0.000   0.000   0.000   0.000   1.000   0.000   0.000   0.000   0.000   0.000 
   42 Op42     ERR        0       0      0.      0.      0.   0.000   0.000   0.000   0.000   0.000   0.000   0.000   0.000   0.000   0.085   0.000   0.000   0.000   0.000   0.000   0.000   0.000   0.000   0.000   0.000   0.000   0.000   0.000 
   43 Op43     ERR        0       0      0.      0.      0.   0.000   0.000   0.000   0.000   0.000   0.000   0.000   0.000   0.000   0.085   0.000   0.000   0.000   0.000   0.000   0.000   0.000   0.000   0.000   0.000   0.000   0.000   0.000 
   44 Op44     ERR        0       0      0.      0.      0.   0.000   0.000   0.000   0.000   0.000   0.000   0.000   0.000   0.000   0.085   0.000   0.000   0.000   0.000   0.000   0.000   0.000   0.000   0.000   0.000   0.000   0.000   0.000 
   45 Op45     ERR        0       0      0.      0.      0.   0.000   0.000   0.000   0.000   0.000   0.000   0.000   0.000   0.000   0.085   0.000   0.000   0.000   0.000   0.000   0.000   0.000   0.000   0.000   0.000   0.000   0.000   0.000 
   46 Op46     ERR        0       0      0.      0.      0.   0.000   0.000   0.000   0.000   0.000   0.000   0.000   0.000   0.000   0.085   0.000   0.000   0.000   0.000   0.000   0.000   0.000   0.000   0.000   0.000   0.000   0.000   0.000 
   47 Op47     ERR        0       0      0.      0.      0.   0.000   0.000   0.000   0.000   0.000   0.000   0.000   0.000   0.000   0.085   0.000   0.000   0.000   0.000   0.000   0.000   0.000   0.000   0.000   0.000   0.000   0.000   0.000 
   48 Op48     ERR        0       0      0.      0.      0.   0.000   0.000   0.000   0.000   0.000   0.000   0.000   0.000   0.000   0.085   0.000   0.000   0.000   0.000   0.000   0.000   0.000   0.000   0.000   0.000   0.000   0.000   0.000 
   49 HARVOR90 ERR        0       0      0.      0.      0.   0.000   0.000   0.000   0.000   0.000   0.000   0.000   0.000   0.000   0.085   0.000   0.000 -25.000   0.000   0.000   0.000   0.000   2.000   0.950   0.900   0.600   0.000   0.000 
   50 HARV1.95 ERR        0       0      0.      0.      0.   0.000   0.000   0.000   0.000   0.000   0.000   0.000   0.000   0.000   0.085   0.000   0.000   0.000   0.000   0.000   0.000   0.000   2.000   0.950   0.000   0.500   0.000   0.000 
   51 HARV2.95 ERR        0       0      0.      0.      0.   0.000   0.000   0.000   0.000   0.000   0.000   0.000   0.000   0.000   0.085   0.000   0.000-100.000   0.000   0.000   0.000   0.000   2.000   0.950   0.000   0.500   0.000   0.000 
   52 HARVOR85 ERR        0       0      0.      0.      0.   0.000   0.000   0.000   0.000   0.000   0.000   0.000   0.000   0.000   0.085   0.000   0.000-150.000   0.000   0.000   0.000   0.000   2.000   0.000   0.500   0.500   0.000   0.000 
   53 HARVOR95 ERR        0       0      0.      0.      0.   0.000   0.000   0.000   0.000   0.000   0.000   0.000   0.000   0.000   0.085   0.000   0.000 -50.000   0.000   0.000   0.000   0.000   2.000   0.950   0.950   0.500   0.000   0.000 
   54 SWATHER  ERR        0       0      0.      0.      0.   0.000   0.000   0.000   0.000   0.000   0.000   0.000   0.000   0.000   0.085   0.000   0.000-150.000   0.000   0.000   0.000   0.000   2.000   0.850   0.900   0.300   0.000  16.470 SWATHER - RCI 7/26/09 
   55 BALER    ERR        0       0      0.      0.      0.   0.000   0.000   0.000   0.000   0.000   0.000   0.000   0.000   0.000   0.085   0.000   0.000-150.000   0.000   0.000   0.000   0.000   0.000   0.000   0.950   0.200   0.000  16.470 BALER
   56 PNUT DIG ERR        0       0      0.      0.      0.   0.000   0.000   0.000   0.000   0.000   0.000   0.000   0.000   0.000   0.085   0.500  20.000 180.000   0.000   0.000   0.000   0.000   2.000   0.950   0.000   0.400   0.000   0.000 
   57 SHREDDER ERR        0       0      0.      0.      0.   0.000   0.000   0.000   0.000   0.000   0.000   0.000   0.000   0.000   0.085   0.000   0.000 -15.000   0.000   0.000   0.000   0.000   0.000   0.000   0.000   0.250   0.000   0.000 
   58 BURNED   ERR        0       0      0.      0.      0.   0.000   0.000   0.000   0.000   0.000   0.000   0.000   0.000   0.000   0.085   0.950   0.000  15.000   0.000   0.000   0.000   0.000   2.000   0.000   0.999   0.000   0.000   0.000 
   59 CLEARCUT ERR        0       0      0.      0.      0.   0.000   0.000   0.000   0.000   0.000   0.000   0.000   0.000   0.000   0.085   0.000   0.000 -10.000   0.000   0.000   0.000   0.000   2.000   1.000   0.950   0.250   0.000   0.000 ** DM: changed to TLD to -10, ORHI to 0.95 1/4/11
   60 BAGMOWER ERR        0       0      0.      0.      0.   0.000   0.000   0.000   0.000   0.000   0.000   0.000   0.000   0.000   0.085   0.000   0.000 -60.000   0.000   0.000   0.000   0.000   2.000   0.800   0.500   0.150   0.000   0.000 
   61 MULCHMOW ERR        0       0      0.      0.      0.   0.000   0.000   0.000   0.000   0.000   0.000   0.000   0.000   0.000   0.085   0.000   0.000 -60.000   0.000   0.000   0.000   0.000   2.000   0.010   0.500   0.150   0.000   0.000 
   62 Op62     ERR        0       0      0.      0.      0.   0.000   0.000   0.000   0.000   0.000   0.000   0.000   0.000   0.000   0.085   0.000   0.000   0.000   0.000   0.000   0.000   0.000   0.000   0.000   0.000   0.000   0.000   0.000 
   63 Op63     ERR        0       0      0.      0.      0.   0.000   0.000   0.000   0.000   0.000   0.000   0.000   0.000   0.000   0.085   0.000   0.000   0.000   0.000   0.000   0.000   0.000   0.000   0.000   0.000   0.000   0.000   0.000 
   64 GRLF     ERR        0       0      0.      0.      0.   0.000   0.000   0.000   0.000   0.000   0.000   0.000   0.000   0.000   0.085   0.000   0.000 -50.800   0.000   0.000   0.000   0.000   2.000   0.500  18.000   0.000   0.000   0.000 
   65 GRAZE1   ERR        0       0      0.      0.      0.   0.000   0.000   0.000   0.000   0.000   0.000   0.000   0.000   0.000   0.085   0.000   0.000 -50.000   0.000   0.000   0.000   0.000   2.000   0.150 100.000   0.150   0.000   0.000 
   66 GRAZE2   ERR        0       0      0.      0.      0.   0.000   0.000   0.000   0.000   0.000   0.000   0.000   0.000   0.000   0.085   0.000   0.000 -50.000   0.000   0.000   0.000   0.000   2.000   1.000   5.000   0.050   0.000   0.000 
   67 GRZ2AU   ERR        0       0      0.      0.      0.   0.000   0.000   0.000   0.000   0.000   0.000   0.000   0.000   0.000   0.085   0.000   0.000 -50.000   0.000   0.000   0.000   0.000   2.000   0.150  24.000   0.100   0.000   0.000 
   68 GRZ1AU   ERR        0       0      0.      0.      0.   0.000   0.000   0.000   0.000   0.000   0.000   0.000   0.000   0.000   0.085   0.000   0.000 -50.000   0.000   0.000   0.000   0.000   2.000   0.150  12.000   0.050   0.000   0.000 
   69 Op69     ERR        0       0      0.      0.      0.   0.000   0.000   0.000   0.000   0.000   0.000   0.000   0.000   0.000   0.085   0.000   0.000   0.000   0.000   0.000   0.000   0.000   0.000   0.000   0.000   0.000   0.000   0.000 
   70 IDLE GR  ERR        0       0      0.      0.      0.   0.000   0.000   0.000   0.000   0.000   0.000   0.000   0.000   0.000   0.085   0.000   0.000-900.000   0.000   0.000   0.000   0.000   2.000   0.000   0.000   0.000   0.000   0.000 
   71 FERTILIZ ERR        0       0      0.      0.      0.   0.000   0.000   0.000   0.000   0.000   0.000   0.000   0.000   1.000   0.085   0.050   0.000   0.000   0.000   0.000   0.000   0.000   9.000   0.000   0.000   0.150   0.000   5.000 FERTILIZER APP
   72 IRRIGATE ERR        0       0      0.      0.      0.   0.000   0.000   0.000   0.000   0.000   0.000   0.000   0.000   1.000   0.085   0.000   0.000   0.000   0.000   0.000   0.000   0.000   8.000   0.000   0.000   0.000   0.000   0.000 
   73 Op73     ERR        0       0      0.      0.      0.   0.000   0.000   0.000   0.000   0.000   0.000   0.000   0.000   0.000   0.085   0.000   0.000   0.000   0.000   0.000   0.000   0.000   0.000   0.000   0.000   0.000   0.000   0.000 
   74 Op74     ERR        0       0      0.      0.      0.   0.000   0.000   0.000   0.000   0.000   0.000   0.000   0.000   0.000   0.085   0.000   0.000   0.000   0.000   0.000   0.000   0.000   0.000   0.000   0.000   0.000   0.000   0.000 
   75 BDIKE100 ERR        0       0      0.      0.      0.   0.000   0.000   0.000   0.000   0.000   0.000   0.000   0.000   0.000   0.085   0.700  10.000  40.000 100.000   1.000 100.000  10.000  -1.000   0.000   0.000   0.200   0.000   0.000 
   76 BDIKE300 ERR        0       0      0.      0.      0.   0.000   0.000   0.000   0.000   0.000   0.000   0.000   0.000   0.000   0.085   0.700  10.000  40.000 300.000   1.000 300.000   2.000  -1.000   0.000   0.000   0.200   0.000   0.000 
   77 RMV-DIKE ERR        0       0      0.      0.      0.   0.000   0.000   0.000   0.000   0.000   0.000   0.000   0.000   0.000   0.085   0.700  10.000  40.000 100.000   1.000   0.000   0.000  -2.000   0.000   0.000   0.200   0.000   0.000 
   78 BDIKE100 ERR        0       0      0.      0.      0.   0.000   0.000   0.000   0.000   0.000   0.000   0.000   0.000   0.000   0.085   0.700  10.000  40.000 100.000   0.250 100.000   0.400  -1.000   0.000   0.000   0.200   0.000   0.000 
   79 NOTILLPL ERR        0       0      0.      0.      0.   0.000   0.000   0.000   0.000   0.000   0.000   0.000   0.000   0.000   0.085   0.050  10.000  40.000   0.000   0.760  30.000   0.000   6.000   0.000   0.000   0.000   0.000   6.790 PLANTER NO-TILL
   80 PADDYBD  ERR        0       0      0.      0.      0.   0.000   0.000   0.000   0.000   0.000   0.000   0.000   0.000   0.000   0.085   0.000   0.000 100.0001000.000 100.0001000.000 200.000  -1.000   0.000   0.000   0.300   0.000   0.000 
   81 PRUNE    ERR        0       0      0.      0.      0.   0.000   0.000   0.000   0.000   0.000   0.000   0.000   0.000   0.000   0.085   0.000   0.000   0.000   0.000   0.000   0.000   0.000   3.000   0.000   0.300   0.250   0.000   0.000 
   82 NOTILDRI ERR        0       0      0.      0.      0.   0.000   0.000   0.000   0.000   0.000   0.000   0.000   0.000   0.000   0.085   0.200   5.000  40.000  25.000   0.860   0.000   0.000   5.000   0.000   0.000   0.000   0.000   6.790 PLANTER NO-TILL
   83 DRILDSK3 ERR        0       0      0.      0.      0.   0.000   0.000   0.000   0.000   0.000   0.000   0.000   0.000   0.000   0.085   0.200  10.000  40.000  25.000   0.170   0.000   0.000   6.000   0.000   0.000   0.000   0.000   9.990 
   84 PLNTPOT  ERR        0       0      0.      0.      0.   0.000   0.000   0.000   0.000   0.000   0.000   0.000   0.000   0.000   0.085   0.300  10.000 100.000  25.000   1.000   0.000   0.000   5.000   0.000   0.000   0.000   0.000   9.990 
   85 COMB_Pea ERR        0       0      0.      0.      0.   0.000   0.000   0.000   0.000   0.000   0.000   0.000   0.000   0.000   0.085   0.500  20.000 175.000   0.000   0.000   0.000   0.000   2.000   0.950   0.600   0.000   0.000   9.990 
   86 COMB_Pot ERR        0       0      0.      0.      0.   0.000   0.000   0.000   0.000   0.000   0.000   0.000   0.000   0.000   0.085   0.800  20.000 225.000   0.000   0.000   0.000   0.000   2.000   0.950   0.650   0.000   0.000   9.990 
   87 POTTRUCK ERR        0       0      0.      0.      0.   0.000   0.000   0.000   0.000   0.000   0.000   0.000   0.000   0.000   0.085   0.000   0.000   0.000   0.000   0.000   0.000   0.000   0.000   0.000   0.000   0.120   0.000   9.990 
   88
   89
   90
   91
   92
   93
   94
   95
   96
   97
   98
   99
  100
  101
  102
  103
  104
  105
  106
  107
  108
  109
  110
  111
  112
  113
  114
  115
  116
  117
  118
  119
  120
  121
  122
  123
  124
  125
  126
  127
  128
  129
  130
  131
  132
  133
  134 DRPRDHOE NON    11598   12887     70.   1200.      0.   6.100   5.310   0.800   0.001   0.100   0.000   0.600   0.885   0.700   0.085   0.400  10.000  40.000  25.000   0.170   0.000   0.000   6.000   0.000   0.000   0.000   0.000   0.000 DRILL,PRESS,DISC OR HOE
  135
  136
  137
  138
  139 PLNTL6RW ERR        0       0      0.      0.      0.   0.000   0.000   0.000   0.000   0.000   0.000   0.000   0.000   0.000   0.085   0.020   5.000  60.000  10.000   0.860   0.000   0.000   6.000   0.000   0.000   0.000   0.000   0.000 PLANTER NO-TILL
  140
  141 PLREG6RW NON    10199   11333     80.   1200.      0.   3.000   7.720   0.800   0.001   0.100   0.000   0.600   0.885   0.600   0.085   0.100  10.000  40.000  75.000   1.000   0.000   0.000   5.000   0.000   0.000   0.000   0.000   0.000 PLANTER REGULAR 6 ROW
  142
  143
  144
  145
  146 BRDCSEED NON     7446    8273     60.   1200.      0.   6.100   7.880   1.200   0.002   0.100   0.000   0.600   0.885   0.750   0.085   0.100   5.000  60.000  10.000   0.860   0.000   0.000   6.000   0.000   0.000   0.000   0.000   0.000 BROADCAST SEEDER
  147
  148
  149
  150 DUCKFTC  NON     2850    3167    100.   2000.      0.   3.400   8.850   0.800   0.002   0.100   0.000   0.600   0.885   0.850   0.085   0.550  20.000 100.000  25.000   0.300   0.000   0.000   0.000   0.000   0.000   0.000   0.000   0.000 DUCKFOOT CULTIVATOR
  151 FLDCGE15 NON     5199    5777    100.   2000.      0.   5.500   8.850   0.800   0.002   0.100   0.000   0.600   0.885   0.850   0.085   0.300  20.000 100.000  25.000   0.300   0.000   0.000   0.000   0.000   0.000   0.000   0.000   0.000 FIELD CULTIVATOR GE15FT
  152
  153
  154
  155
  156
  157 ROWCGE15 NON     5340    5933    100.   2000.      0.   4.600   5.630   1.000   0.001   0.100   0.000   0.600   0.885   0.800   0.085   0.250  15.000  40.000 100.000   1.000   0.000   0.000   0.000   0.000   0.000   0.000   0.000   0.000 ROW CULTIVATOR GE15FT
  158
  159 DISCOVAT NON     6240    6933     40.   2000.      0.   4.300   6.440   1.300   0.002   0.100   0.000   0.600   0.885   0.800   0.085   0.500  15.000  25.000 100.000   1.000   0.000   0.000   0.000   0.000   0.000   0.000   0.000   0.000 DISCOVATOR
  160
  161
  162
  163 CMULGE18 NON     8539    9488    100.   2000.      0.   5.500   9.650   0.400   0.002   0.100   0.000   0.600   0.885   0.850   0.085   0.250  10.000  25.000   0.000   0.000   0.000   0.000   0.000   0.000   0.000   0.000   0.000   0.000 CULTI-MULCH ROLLER GE18FT
  164
  165 CULPKPUL NON     3715    4128    100.   2000.      0.   4.300   9.650   0.400   0.002   0.100   0.000   0.600   0.885   0.850   0.085   0.350   5.000  40.000  25.000   1.780   0.000   0.000   0.000   0.000   0.000   0.000   0.000   0.000 CULTI-PACKER PULVERIZER
  166
  167 LANDALL  NON     6240    6933     40.   2000.      0.   4.300   6.440   1.300   0.002   0.100   0.000   0.600   0.885   0.800   0.085   0.300  20.000 150.000  50.000   0.300   0.000   0.000   0.000   0.000   0.000   0.000   0.000   0.000 LANDALL, DO-ALL
  168
  169
  170 FLOAT    NON    37001   41113     50.   2500.      0.   2.100   7.240   0.600   0.002   0.100   0.000   0.600   0.885   0.800   0.085   0.100   5.000  60.000  10.000   0.860   0.000   0.000   0.000   0.000   0.000   0.000   0.000   0.000 FLOAT
  171
  172
  173 LISTRBED NON    12435   13816     80.   2500.      0.   3.000   8.050   1.000   0.002   0.100   0.000   0.600   0.885   0.650   0.085   0.800  25.000 100.000 150.000   1.000   0.000   0.000   5.000   0.000   0.000   0.000   0.000   0.000 LISTER-BEDDER PLANTER
  174
  175
  176
  177 SANDFIGT NON      533     592     50.   2000.      0.   4.300  11.260   0.600   0.002   0.100   0.000   0.600   0.885   0.800   0.085   0.700  50.000 100.000   0.000   0.000   0.000   0.000   0.000   0.000   0.000   0.000   0.000   0.000 SAND-FIGHTER
  178
  179
  180
  181
  182
  183 FINHGE15 NON     6771    7523    100.   2500.      0.   5.500   8.050   1.200   0.002   0.100   0.000   0.600   0.885   0.800   0.085   0.550  50.000 100.000   0.000   0.000   0.000   0.000   0.000   0.000   0.000   0.000   0.000   0.000 FINISHING HARROW GE15FT
  184
  185 FLEXGE20 NON     1769    1965     40.   2500.      0.   5.500   8.050   0.600   0.002   0.100   0.000   0.600   0.885   0.850   0.085   0.200  13.000  25.000   0.000   0.000   0.000   0.000   0.000   0.000   0.000   0.000   0.000   0.000 FLEX-TINE HARROW CL GE20F
  186
  187 SPIKETTH NON     1285    1428     40.   2000.      0.   5.500   8.050   0.600   0.002   0.100   0.000   0.600   0.885   0.850   0.085   0.400  18.000  75.000   0.000   0.000   0.000   0.000   0.000   0.000   0.000   0.000   0.000   0.000 POWERED SPIKE TOOTH HARRO
  188 SPIKGT25 NON     1285    1428     40.   2000.      0.   5.500   8.050   0.600   0.002   0.100   0.000   0.600   0.885   0.850   0.085   0.250  13.000  25.000   0.000   0.000   0.000   0.000   0.000   0.000   0.000   0.000   0.000   0.000 SPIKE TOOTH HARROW GT25FT
  189
  190 SPTHGE15 NON     2328    2586    100.   2000.      0.   5.500   8.050   0.800   0.002   0.100   0.000   0.600   0.885   0.850   0.085   0.350  13.000  25.000   0.000   0.000   0.000   0.000   0.000   0.000   0.000   0.000   0.000   0.000 SPRINGTOOTH HARROW GE15FT
  191
  192 SOILFINS NON     6240    6933     40.   2000.      0.   4.300   6.440   1.300   0.002   0.100   0.000   0.600   0.885   0.800   0.085   0.550  18.000  75.000   0.000   0.000   0.000   0.000   0.000   0.000   0.000   0.000   0.000   0.000 SOIL FINISHER
  193
  194
  195
  196 ROTHOE   NON     3840    4267     40.   2000.      0.   4.300  11.260   0.600   0.002   0.100   0.000   0.600   0.885   0.800   0.085   0.100  13.000   5.000   0.000   0.000   0.000   0.000   0.000   0.000   0.000   0.000   0.000   0.000 ROTARY HOE
  197
  198 ROTERRA  NON     4978    5531     40.   2000.      0.   4.300   6.440   1.300   0.002   0.100   0.000   0.600   0.885   0.800   0.085   0.800  13.000   5.000   0.000   0.000   0.000   0.000   0.000   0.000   0.000   0.000   0.000   0.000 ROTERRA
  199 ROTOTILL NON     9067   10074    100.   2500.      0.   4.300   6.440   0.800   0.001   0.100   0.000   0.600   0.885   0.800   0.085   0.800  13.000   5.000   0.000   0.000   0.000   0.000   0.000   0.000   0.000   0.000   0.000   0.000 ROTO-TILLER
  200
  201
  202
  203
  204
  205
  206 MULTIWDR NON     9227   10252    100.   2000.      0.   4.300   9.650   0.400   0.002   0.100   0.000   0.600   0.885   0.850   0.085   0.300  10.000  25.000   0.000   0.000   0.000   0.000   0.000   0.000   0.000   0.000   0.000   0.000 MULTI-WEEDER
  207
  208 MLDBGE10 NON    20487   22269    100.   2500.      0.   4.600   6.440   0.430   1.800   0.000   0.000   0.600   0.885   0.750   0.085   0.950  30.000 150.000   0.000   0.000   0.000   0.000   0.000   0.000   0.000   0.000   0.000   0.000 MOLDBOARD PLOW REG GE10B
  209
  210 CHPLGT15 NON     6548    7275    100.   2000.      0.   5.500   7.240   1.000   0.002   0.100   0.000   0.600   0.885   0.850   0.085   0.300  20.000 150.000  50.000   0.300   0.000   0.000   0.000   0.000   0.000   0.000   0.000   0.000 CHISEL PLOW GT15FT
  211
  212 CCHPLOW  NON     4280    4755    100.   2500.      0.   5.500   8.050   1.000   0.002   0.100   0.000   0.600   0.885   0.800   0.085   0.500  20.000 150.000  50.000   0.300   0.000   0.000   0.000   0.000   0.000   0.000   0.000   0.000 COULTER-CHISEL PLOW
  213 DKPLGE23 NON    14789   16432    100.   2000.      0.   5.500   7.240   1.000   0.002   0.100   0.000   0.600   0.885   0.800   0.085   0.850  50.000 100.000   0.000   0.000   0.000   0.000   0.000   0.000   0.000   0.000   0.000   0.000 DISK PLOW GE23FT
  214
  215
  216
  217
  218
  219
  220
  221 SMCHGT15 NON     7059    7844    100.   2000.      0.   5.500   7.240   1.000   0.002   0.100   0.000   0.600   0.885   0.850   0.085   0.150  15.000  75.000   0.000   0.000   0.000   0.000   0.000   0.000   0.000   0.000   0.000   0.000 STUBBLE-MULCH PLOW GT15FT
  222
  223 SUBCHPLW NON     6053    6725    100.   2000.      0.   5.500   6.440   1.000   0.002   0.100   0.000   0.600   0.885   0.800   0.085   0.450  15.000 350.000   0.000   0.000   0.000   0.000   0.000   0.000   0.000   0.000   0.000   0.000 SUBSOIL CHISEL PLOW
  224
  225
  226
  227
  228
  229 SBEDHIPR NON     8658    9620    100.   2000.      0.   4.300   6.440   1.000   0.002   0.100   0.000   0.600   0.885   0.800   0.085   0.700  15.000 350.000   0.000   0.000   0.000   0.000   0.000   0.000   0.000   0.000   0.000   0.000 SUBSOILER-BEDDER HIP-RIP
  230 RIPRSUBS NON     5941    6601    100.   2000.      0.   5.500   6.440   1.000   0.002   0.100   0.000   0.600   0.885   0.800   0.085   0.250  15.000 350.000   0.000   0.000   0.000   0.000   0.000   0.000   0.000   0.000   0.000   0.000 DEEP RIPPER- SUBSOILER
  231
  232
  233
  234
  235
  236
  237
  238
  239 DKCHMTIL NON     2065    2294    100.   2000.      0.   4.000   8.050   0.800   0.002   0.100   0.000   0.600   0.885   0.850   0.085   0.550  20.000 150.000  50.000   0.300   0.000   0.000   0.000   0.000   0.000   0.000   0.000   0.000 DISK CHISEL (MULCH TILLER
  240 OFFDGE19 NON    24394   27105    100.   2000.      0.   5.800   7.240   0.600   0.001   0.100   0.000   0.600   0.885   0.800   0.085   0.700  50.000 100.000   0.000   0.000   0.000   0.000   0.000   0.000   0.000   0.000   0.000   0.000 OFFSET DIS/HEAVDUTY GE19F
  241
  242
  243 OFFLGE19 NON    17938   19931    100.   2000.      0.   5.800   7.240   0.600   0.001   0.100   0.000   0.600   0.885   0.850   0.085   0.550  50.000 100.000   0.000   0.000   0.000   0.000   0.000   0.000   0.000   0.000   0.000   0.000 OFFSET DIS/LGHTDUTY GE19F
  244
  245
  246 ONE-WAYT NON     5766    6407    100.   2000.      0.   4.000   8.850   0.600   0.001   0.100   0.000   0.600   0.885   0.800   0.085   0.600  50.000 100.000   0.000   0.000   0.000   0.000   0.000   0.000   0.000   0.000   0.000   0.000 ONE-WAY (DISK TILLER)
  247
  248
  249 TANP1418 NON    16328   18142    100.   2000.      0.   4.900   7.240   0.600   0.001   0.100   0.000   0.600   0.885   0.800   0.085   0.550  18.000  75.000   0.000   0.000   0.000   0.000   0.000   0.000   0.000   0.000   0.000   0.000 TANDEM DISK PLW 14-18FT
  250 TANRGE19 NON    12536   13929    100.   2000.      0.   5.800   6.440   0.600   0.001   0.100   0.000   0.600   0.885   0.800   0.085   0.750  50.000 100.000   0.000   0.000   0.000   0.000   0.000   0.000   0.000   0.000   0.000   0.000 TANDEM DISK REG GE19FT
  251
  252
  253 SINGLDIS NON     6312    7013    100.   2500.      0.   4.000   8.050   0.650   0.002   0.100   0.000   0.600   0.885   0.800   0.085   0.450  50.000 100.000   0.000   0.000   0.000   0.000   0.000   0.000   0.000   0.000   0.000   0.000 SINGLE DISK
  254
  255
  256
  257
  258
  259
  260 ANHYTRLR NON     8859    9843     50.   1200.      0.   9.100   6.440   1.200   0.002   0.100   0.000   0.600   0.885   0.650   0.085   0.100  13.000  75.000  25.000   0.300   0.000   0.000   9.000   0.000   0.000   0.000   0.000   0.000 ANHYD FERT APP TRAILER MT
  261
  262
  263
  264 LQDFTRAC NON     2992    3325     80.   1500.      0.   9.100  10.460   0.700   0.002   0.100   0.000   0.600   0.885   0.650   0.085   0.000   0.000   0.000   0.000   0.000   0.000   0.000   9.000   0.000   0.000   0.000   0.000   0.000 LQUD FERT APPL TRACTOR MT
  265
  266
  267
  268
  269
  270
  271
  272
  273
  274
  275
  276
  277
  278
  279
  280
  281
  282
  283
  284
  285
  286
  287
  288
  289
  290
  291
  292
  293
  294
  295
  296
  297
  298
  299
  300
  301
  302
  303
  304
  305
  306
  307
  308
  309
  310 SILAGEHV NON    19615   21794    100.   2500.      0.   1.500   4.510   0.800   0.002   0.100   0.000   0.560   0.885   0.600   0.085   0.000   0.000-150.000   0.000   0.000   0.000   0.000   2.000   0.950   0.950   0.000   0.000   0.000 SILAGE HARVESTER  *Ritvik, June 4: Changed ORHI value from 0.85 to 0.95
  311
  312
  313
  314 BALEPTOL POWE   14932   16591    100.   2000.      0.   3.700  16.090   0.800   0.001   0.100   0.315   0.560   0.885   0.825   0.085   0.000   0.000   0.000   0.000   0.000   0.000   0.000   2.000   0.900   0.500   0.000   0.000  16.470 BALER, PTO LARGE
  315
  316
  317 MOWERPTO NON    10683   11870    100.   2500.      0.   2.700   9.650   1.000   0.002   0.100   0.000   0.600   0.885   0.800   0.085   0.000   0.000   0.000   0.000   0.000   0.000   0.000   0.000   0.000   0.000   0.000   0.000   0.000 MOWER COND, PTO
  318
  319
  320
  321
  322
  323 RAKESIDE NON     3802    4224    100.   2000.      0.   3.000   7.240   1.000   0.002   0.100   0.000   0.600   0.885   0.800   0.085   0.000   0.000-150.000   0.000   0.000   0.000   0.000   0.000   0.000   0.000   0.000   0.000   0.000 RAKE, SIDE DELIVERY
  324
  325
  326
  327
  328
  329 SHREDGT8 NON     2364    2626    100.   2000.      0.   2.100   6.440   0.600   0.002   0.100   0.000   0.600   0.885   0.800   0.085   0.000   0.000 -75.000   0.000   0.000   0.000   0.000   2.000   0.000   0.950   0.000   0.000   6.790 SHREDDER, FLAIL GT8FT - RCI added CFEM 7/26/09
  330 SHREDLE8 NON     1342    1491    100.   2000.      0.   2.100   6.440   0.600   0.002   0.100   0.000   0.600   0.885   0.800   0.085   0.000   0.000 -75.000   0.000   0.000   0.000   0.000   0.000   0.000   0.950   0.000   0.000   0.000 SHREDDER, FLAIL LE8FT
  331
  332
  333
  334
  335
  336
  337
  338
  339
  340
  341
  342
  343
  344
  345
  346
  347
  348
  349
  350
  351
  352
  353
  354
  355
  356
  357
  358
  359
  360
  361
  362
  363
  364
  365
  366
  367
  368
  369
  370
  371
  372
  373
  374
  375
  376
  377
  378
  379
  380
  381
  382
  383
  384
  385
  386
  387
  388
  389
  390
  391
  392
  393
  394
  395
  396
  397 BURNUNIT NON     1300    1443     85.    510.      0.   5.500   6.440   0.430   1.800   0.000   0.000   0.600   0.885   1.000   0.085   0.000   0.000   0.000   0.000   0.000   0.000   0.000   0.000   0.000   0.999   0.000   0.000   6.790 BURNING UNIT - RCI added CFEM and ORHI 7/26/09
  398
  399
  400
  401
  402
  403
  404
  405
  406
  407
  408
  409 COND6ROW NON     6500    7215    200.   1200.      0.   6.100   4.830   0.180   0.600   0.000   0.000   0.600   0.885   0.700   0.085   0.000   0.000   0.000   0.000   0.000   0.000   0.000   0.000   0.000   0.000   0.000   0.000   0.000 CONDITIONER 6 ROW
  410
  411
  412
  413
  414
  415
  416
  417
  418
  419
  420
  421
  422
  423
  424
  425
  426
  427
  428
  429
  430
  431
  432
  433
  434
  435
  436
  437
  438
  439
  440
  441
  442
  443
  444
  445
  446
  447
  448
  449
  450
  451 KILL     NON        0       0      0.      0.      0.   0.000   0.000   0.000   0.000   0.000   0.000   0.000   0.000   0.000   0.085   0.000   0.000   0.000   0.000   0.000   0.000   0.000   1.000   0.000   0.000   0.000   0.000   0.000 KILL
  452
  453
  454
  455
  456
  457
  458
  459
  460
  461
  462
  463
  464
  465
  466
  467
  468
  469
  470
  471
  472
  473
  474
  475
  476
  477
  478
  479
  480
  481
  482
  483
  484
  485
  486
  487
  488
  489
  490
  491
  492
  493
  494
  495
  496
  497
  498
  499
  500
  501
  502
  503
  504
  505
  506
  507
  508
  509
  510
  511
  512
  513
  514
  515
  516
  517
  518
  519
  520
  521
  522
  523
  524
  525
  526
  527
  528
  529
  530
  531
  532
  533
  534
  535
  536
  537
  538
  539
  540
  541
  542
  543
  544
  545
  546
  547
  548
  549
  550
  551
  552
  553
  554
  555
  556
  557
  558
  559
  560
  561
  562
  563
  564
  565
  566
  567
  568
  569
  570
  571
  572
  573
  574
  575
  576
  577
  578
  579
  580
  581
  582
  583
  584
  585
  586
  587
  588
  589
  590
  591
  592
  593
  594
  595
  596
  597
  598
  599
  600 ROW CULT ERR        0       0      0.      0.      0.   0.000   0.000   0.000   0.000   0.000   0.000   0.000   0.000   0.000   0.085   0.300  15.000 140.000 100.000   1.000   0.000   0.000   0.000   0.000   0.000   0.250   0.000   0.000 
  601 PT-CHS   ERR        0       0      0.      0.      0.   0.000   0.000   0.000   0.000   0.000   0.000   0.000   0.000   0.000   0.085   0.600  20.000 200.000  50.000   0.300   0.000   0.000   0.000   0.000   0.000   0.500   0.000  18.240 CHISEL PLOW
  602 ROW CULT ERR        0       0      0.      0.      0.   0.000   0.000   0.000   0.000   0.000   0.000   0.000   0.000   0.000   0.085   0.300  15.000  80.000 100.000   1.000   0.000   0.000   0.000   0.000   0.000   0.250   0.000   0.000 
  650 Combine  CUST  117372  134977    300.   3000.    140.   5.500   4.990   0.040   2.100   0.000   0.000   0.000   0.000   0.700   0.085   0.000   0.000-3000.00   0.000   0.000   0.000   0.000   2.000   0.950   0.000   0.000   0.000  16.470 COMBINE SELF-PROP
  651 HARV2.95 ERR        0       0      0.      0.      0.   0.000   0.000   0.000   0.000   0.000   0.000   0.000   0.000   0.000   0.085   0.000   0.000-3000.00   0.000   0.000   0.000   0.000   2.000   0.950   0.000   0.500   0.000  16.470 COMBINE SELF-PROP 
  655 BALER    ERR        0       0      0.      0.      0.   0.000   0.000   0.000   0.000   0.000   0.000   0.000   0.000   0.000   0.085   0.000   0.000-150.000   0.000   0.000   0.000   0.000   2.000   0.500   1.000   0.200   0.000  16.470 BALER HE=0.5 ORHI=1.00 RCI-9/2/09
  656 HARVhay  ERR        0       0      0.      0.      0.   0.000   0.000   0.000   0.000   0.000   0.000   0.000   0.000   0.000   0.085   0.000   0.000 -10.000   0.000   0.000   0.000   0.000   2.000   0.900   0.990   0.500   0.000  25.000 HarvHay 95% effic. RCI-7/25/09 (95%-12/7/09)
  657 CORN     ERR        0       0      0.      0.      0.   0.000   0.000   0.000   0.000   0.000   0.000   0.000   0.000   0.000   0.085   0.000   0.000-150.000   0.000   0.000   0.000   0.000   2.000   0.000   1.000   0.200   0.000  25.000 BALER HE=0.5 ORHI=1.00 RCI-9/2/09
  700 STRE00   ERR        0       0      0.      0.      0.   0.000   0.000   0.000   0.000   0.000   0.000   0.000   0.000   0.000   0.085   0.000   0.000-150.000   0.000   0.000   0.000   0.000   2.000   0.000   1.000   0.200   0.000  25.000 BALER HE=0.00 ORHI=1.00 CDJ-2/3/15
  705 STRE05   ERR        0       0      0.      0.      0.   0.000   0.000   0.000   0.000   0.000   0.000   0.000   0.000   0.000   0.085   0.000   0.000-150.000   0.000   0.000   0.000   0.000   2.000   0.050   1.000   0.200   0.000  25.000 BALER HE=0.05 ORHI=1.00 CDJ-2/3/15
  710 STRE10   ERR        0       0      0.      0.      0.   0.000   0.000   0.000   0.000   0.000   0.000   0.000   0.000   0.000   0.085   0.000   0.000-150.000   0.000   0.000   0.000   0.000   2.000   0.100   1.000   0.200   0.000  25.000 BALER HE=0.10 ORHI=1.00 CDJ-2/3/15
  715 STRE15   ERR        0       0      0.      0.      0.   0.000   0.000   0.000   0.000   0.000   0.000   0.000   0.000   0.000   0.085   0.000   0.000-150.000   0.000   0.000   0.000   0.000   2.000   0.150   1.000   0.200   0.000  25.000 BALER HE=0.15 ORHI=1.00 CDJ-2/3/15
  720 STRE20   ERR        0       0      0.      0.      0.   0.000   0.000   0.000   0.000   0.000   0.000   0.000   0.000   0.000   0.085   0.000   0.000-150.000   0.000   0.000   0.000   0.000   2.000   0.200   1.000   0.200   0.000  25.000 BALER HE=0.20 ORHI=1.00 CDJ-2/3/15
  725 STRE25   ERR        0       0      0.      0.      0.   0.000   0.000   0.000   0.000   0.000   0.000   0.000   0.000   0.000   0.085   0.000   0.000-150.000   0.000   0.000   0.000   0.000   2.000   0.250   1.000   0.200   0.000  25.000 BALER HE=0.25 ORHI=1.00 CDJ-2/3/15
  730 STRE30   ERR        0       0      0.      0.      0.   0.000   0.000   0.000   0.000   0.000   0.000   0.000   0.000   0.000   0.085   0.000   0.000-150.000   0.000   0.000   0.000   0.000   2.000   0.300   1.000   0.200   0.000  25.000 BALER HE=0.30 ORHI=1.00 CDJ-2/3/15
  735 STRE35   ERR        0       0      0.      0.      0.   0.000   0.000   0.000   0.000   0.000   0.000   0.000   0.000   0.000   0.085   0.000   0.000-150.000   0.000   0.000   0.000   0.000   2.000   0.350   1.000   0.200   0.000  25.000 BALER HE=0.35 ORHI=1.00 CDJ-2/3/15
  740 STRE40   ERR        0       0      0.      0.      0.   0.000   0.000   0.000   0.000   0.000   0.000   0.000   0.000   0.000   0.085   0.000   0.000-150.000   0.000   0.000   0.000   0.000   2.000   0.400   1.000   0.200   0.000  25.000 BALER HE=0.40 ORHI=1.00 CDJ-2/3/15
  745 STRE45   ERR        0       0      0.      0.      0.   0.000   0.000   0.000   0.000   0.000   0.000   0.000   0.000   0.000   0.085   0.000   0.000-150.000   0.000   0.000   0.000   0.000   2.000   0.450   1.000   0.200   0.000  25.000 BALER HE=0.45 ORHI=1.00 CDJ-2/3/15
  750 STRE50   ERR        0       0      0.      0.      0.   0.000   0.000   0.000   0.000   0.000   0.000   0.000   0.000   0.000   0.085   0.000   0.000-150.000   0.000   0.000   0.000   0.000   2.000   0.500   1.000   0.200   0.000  25.000 BALER HE=0.50 ORHI=1.00 CDJ-2/3/15
  755 STRE55   ERR        0       0      0.      0.      0.   0.000   0.000   0.000   0.000   0.000   0.000   0.000   0.000   0.000   0.085   0.000   0.000-150.000   0.000   0.000   0.000   0.000   2.000   0.550   1.000   0.200   0.000  25.000 BALER HE=0.55 ORHI=1.00 CDJ-2/3/15
  760 STRE60   ERR        0       0      0.      0.      0.   0.000   0.000   0.000   0.000   0.000   0.000   0.000   0.000   0.000   0.085   0.000   0.000-150.000   0.000   0.000   0.000   0.000   2.000   0.600   1.000   0.200   0.000  25.000 BALER HE=0.60 ORHI=1.00 CDJ-2/3/15
  765 STRE65   ERR        0       0      0.      0.      0.   0.000   0.000   0.000   0.000   0.000   0.000   0.000   0.000   0.000   0.085   0.000   0.000-150.000   0.000   0.000   0.000   0.000   2.000   0.650   1.000   0.200   0.000  25.000 BALER HE=0.65 ORHI=1.00 CDJ-2/3/15
  770 STRE70   ERR        0       0      0.      0.      0.   0.000   0.000   0.000   0.000   0.000   0.000   0.000   0.000   0.000   0.085   0.000   0.000-150.000   0.000   0.000   0.000   0.000   2.000   0.700   1.000   0.200   0.000  25.000 BALER HE=0.70 ORHI=1.00 CDJ-2/3/15
  775 STRE75   ERR        0       0      0.      0.      0.   0.000   0.000   0.000   0.000   0.000   0.000   0.000   0.000   0.000   0.085   0.000   0.000-150.000   0.000   0.000   0.000   0.000   2.000   0.750   1.000   0.200   0.000  25.000 BALER HE=0.75 ORHI=1.00 CDJ-2/3/15
  780 STRE80   ERR        0       0      0.      0.      0.   0.000   0.000   0.000   0.000   0.000   0.000   0.000   0.000   0.000   0.085   0.000   0.000-150.000   0.000   0.000   0.000   0.000   2.000   0.800   1.000   0.200   0.000  25.000 BALER HE=0.80 ORHI=1.00 CDJ-2/3/15
  785 STRE85   ERR        0       0      0.      0.      0.   0.000   0.000   0.000   0.000   0.000   0.000   0.000   0.000   0.000   0.085   0.000   0.000-150.000   0.000   0.000   0.000   0.000   2.000   0.850   1.000   0.200   0.000  25.000 BALER HE=0.85 ORHI=1.00 CDJ-2/3/15
  790 STRE90   ERR        0       0      0.      0.      0.   0.000   0.000   0.000   0.000   0.000   0.000   0.000   0.000   0.000   0.085   0.000   0.000-150.000   0.000   0.000   0.000   0.000   2.000   0.900   1.000   0.200   0.000  25.000 BALER HE=0.90 ORHI=1.00 CDJ-2/3/15
  795 STRE95   ERR        0       0      0.      0.      0.   0.000   0.000   0.000   0.000   0.000   0.000   0.000   0.000   0.000   0.085   0.000   0.000-150.000   0.000   0.000   0.000   0.000   2.000   0.950   1.000   0.200   0.000  25.000 BALER HE=0.95 ORHI=1.00 CDJ-2/3/15
  800 STRE100  ERR        0       0      0.      0.      0.   0.000   0.000   0.000   0.000   0.000   0.000   0.000   0.000   0.000   0.085   0.000   0.000-150.000   0.000   0.000   0.000   0.000   2.000   1.000   1.000   0.200   0.000  25.000 BALER HE=1.00 ORHI=1.00 CDJ-2/3/15
  801 NTPL019  ERR        0       0      0.      0.      0.   0.000   0.000   0.000   0.000   0.000   0.000   0.000   0.000   0.000   0.085   0.050  10.000  30.000   0.000   0.190  30.000   0.000   6.000   0.000   0.000   0.000   0.000   6.790 PLANTER NO-TILL
  802 NTPL025  ERR        0       0      0.      0.      0.   0.000   0.000   0.000   0.000   0.000   0.000   0.000   0.000   0.000   0.085   0.050  10.000  30.000   0.000   0.250  30.000   0.000   6.000   0.000   0.000   0.000   0.000   6.790 PLANTER NO-TILL
  803 NTPL038  ERR        0       0      0.      0.      0.   0.000   0.000   0.000   0.000   0.000   0.000   0.000   0.000   0.000   0.085   0.050  10.000  30.000   0.000   0.380  30.000   0.000   6.000   0.000   0.000   0.000   0.000   6.790 PLANTER NO-TILL
  804 NTPL057  ERR        0       0      0.      0.      0.   0.000   0.000   0.000   0.000   0.000   0.000   0.000   0.000   0.000   0.085   0.050  10.000  30.000   0.000   0.570  30.000   0.000   6.000   0.000   0.000   0.000   0.000   6.790 PLANTER NO-TILL
  805 NTPL076  ERR        0       0      0.      0.      0.   0.000   0.000   0.000   0.000   0.000   0.000   0.000   0.000   0.000   0.085   0.050  10.000  30.000   0.000   0.760  30.000   0.000   6.000   0.000   0.000   0.000   0.000   6.790 PLANTER NO-TILL
  806 NTPL086  ERR        0       0      0.      0.      0.   0.000   0.000   0.000   0.000   0.000   0.000   0.000   0.000   0.000   0.085   0.050  10.000  30.000   0.000   0.860  30.000   0.000   6.000   0.000   0.000   0.000   0.000   6.790 PLANTER NO-TILL
  807 NTPL100  ERR        0       0      0.      0.      0.   0.000   0.000   0.000   0.000   0.000   0.000   0.000   0.000   0.000   0.085   0.050  10.000  30.000   0.000   1.000  30.000   0.000   6.000   0.000   0.000   0.000   0.000   6.790 PLANTER NO-TILL
   #  NAME     PCD    PRIC    PLST    HRY     HRL     PWR     WDT     SPD     RC1     RC2     XLB     FCM     VR1     VR2     EFM     RTI     EMX     RR      TLD     RHT     RIN     DKH     DKI     IHC     HE      ORHI    FRCP    FPOP    CFEM    EQP
